; seq_size 0 170 \
; seq_metro 0 551.724 \
; seq_pitch_0 resize 170 \
; seq_pitch_0 bounds 0 139.7 170 0 \
; seq_pitch_0 xlabel -0.5 0 8 16 24 32 40 48 56 64 72 80 88 96 104 112 120 128 136 144 152 160 168 169 \
; seq_pitch_0 ylabel -0.05 0 25.4 50.8 76.2 101.6 127 \
; seq_pitch_0 0 40 59 42 61 37 56 61 40 59 42 61 37 56 61 97 99 102 56 59 97 99 97 58 61 92 94 92 53 56 61 97 99 97 56 59 99 97 58 61 92 94 92 53 56 61 97 99 102 56 59 97 99 97 58 61 92 94 92 53 56 61 97 99 97 56 59 64 68 76 78 80 99 97 58 61 66 70 73 80 82 92 94 92 53 56 61 65 73 75 77 80 97 99 102 56 59 64 68 80 83 97 99 97 58 61 66 70 73 78 80 82 92 94 92 49 53 56 61 68 73 77 97 99 97 56 59 64 68 76 78 80 99 97 58 61 66 70 73 80 82 92 94 92 53 56 61 65 73 75 77 80 64 83 66 78 80 82 75 73 77 64 78 80 66 80 82 61 75 77 80 \
; seq_vel_0 resize 170 \
; seq_vel_0 bounds 0 139.7 170 0 \
; seq_vel_0 xlabel -0.5 0 8 16 24 32 40 48 56 64 72 80 88 96 104 112 120 128 136 144 152 160 168 169 \
; seq_vel_0 ylabel -0.05 0 25.4 50.8 76.2 101.6 127 \
; seq_vel_0 0 127 96 127 96 121 121 121 127 96 127 96 121 121 121 127 127 127 96 96 127 127 127 96 96 127 127 127 121 121 121 127 127 127 96 96 127 127 96 96 127 127 127 121 121 121 127 127 127 96 96 127 127 127 96 96 127 127 127 121 121 121 127 127 127 96 96 29 29 29 29 29 127 127 96 96 29 29 29 29 29 127 127 127 121 121 29 29 29 29 29 29 127 127 127 96 96 29 29 29 29 127 127 127 96 96 29 29 29 29 29 29 127 127 127 121 121 121 29 29 29 29 127 127 127 96 96 29 29 29 29 29 127 127 96 96 29 29 29 29 29 127 127 127 121 121 29 29 29 29 29 29 29 29 29 29 29 29 29 29 29 29 29 29 29 29 29 21 21 21 21 \
; seq_dur_ms_0 resize 170 \
; seq_dur_ms_0 bounds 0 10013.791 170 0 \
; seq_dur_ms_0 xlabel -0.5 0 8 16 24 32 40 48 56 64 72 80 88 96 104 112 120 128 136 144 152 160 168 169 \
; seq_dur_ms_0 ylabel -0.05 0 1820.689 3641.378 5462.068 7282.757 9103.446 \
; seq_dur_ms_0 0 3310.344 3310.344 1103.448 1103.448 4413.792 4413.792 4413.792 3310.344 3310.344 1103.448 1103.448 4413.792 4413.792 4413.792 68.965 206.897 1931.034 3310.344 3310.344 68.965 206.897 1931.034 1103.448 1103.448 68.965 206.897 4137.93 4413.792 4413.792 4413.792 68.965 275.862 2000 3310.344 3310.344 206.896 1931.034 1103.448 1103.448 68.966 206.896 4068.965 4413.792 4413.792 4413.792 68.965 206.897 1931.034 3310.344 3310.344 68.966 206.896 1931.034 1103.448 1103.448 68.966 206.896 4137.93 4413.792 4413.792 4413.792 68.965 275.862 2000 3310.344 3310.344 3310.344 3310.344 3310.344 3310.344 3310.344 206.896 1931.034 1103.448 1103.448 1103.448 1103.448 1103.448 1103.448 1034.483 68.966 206.896 4068.965 4413.792 4413.792 4413.792 4413.792 4413.792 4413.792 4413.792 4413.792 68.965 206.897 1931.034 3310.344 3310.344 3310.344 3310.344 3310.344 3310.344 68.965 206.897 1931.034 1103.448 1103.448 1103.448 1103.448 1103.448 1103.448 1103.448 1072.988 68.965 206.897 4137.93 4413.792 4413.792 4413.792 4413.792 4413.792 4413.792 4413.792 68.965 275.862 2000 3310.344 3310.344 3310.344 3310.344 3310.344 3310.344 3310.344 206.896 1931.034 1103.448 1103.448 1103.448 1103.448 1103.448 1103.448 1034.483 68.966 206.897 4068.964 4413.792 4413.792 4413.792 4413.792 4413.792 4413.792 4413.792 4413.792 3310.344 3310.344 1103.448 1103.448 1103.448 1072.988 4478.16 4413.792 4413.792 3310.344 3310.344 3310.344 1103.448 1103.448 1034.483 9103.446 9103.446 9103.446 9103.446 \
; seq_pitch_1 resize 170 \
; seq_pitch_1 bounds 0 139.7 170 0 \
; seq_pitch_1 xlabel -0.5 0 8 16 24 32 40 48 56 64 72 80 88 96 104 112 120 128 136 144 152 160 168 169 \
; seq_pitch_1 ylabel -0.05 0 25.4 50.8 76.2 101.6 127 \
; seq_pitch_1 0 52 54 49 52 54 49 40 42 37 40 42 37 40 42 37 40 42 37 40 42 75 40 42 37 68 70 61 68 70 65 0 0 0 0 0 0 0 0 0 0 0 0 0 0 0 0 0 0 0 0 0 0 0 0 0 0 0 0 0 0 0 0 0 0 0 0 0 0 0 0 0 0 0 0 0 0 0 0 0 0 0 0 0 0 0 0 0 0 0 0 0 0 0 0 0 0 0 0 0 0 0 0 0 0 0 0 0 0 0 0 0 0 0 0 0 0 0 0 0 0 0 0 0 0 0 0 0 0 0 0 0 0 0 0 0 0 0 0 0 0 0 0 0 0 0 0 0 0 0 0 0 0 0 0 0 0 0 0 0 0 0 0 0 0 0 0 0 0 0 0 \
; seq_vel_1 resize 170 \
; seq_vel_1 bounds 0 139.7 170 0 \
; seq_vel_1 xlabel -0.5 0 8 16 24 32 40 48 56 64 72 80 88 96 104 112 120 128 136 144 152 160 168 169 \
; seq_vel_1 ylabel -0.05 0 25.4 50.8 76.2 101.6 127 \
; seq_vel_1 0 127 127 121 127 127 121 127 127 121 127 127 121 127 127 121 127 127 121 127 127 29 127 127 121 29 29 29 29 29 21 0 0 0 0 0 0 0 0 0 0 0 0 0 0 0 0 0 0 0 0 0 0 0 0 0 0 0 0 0 0 0 0 0 0 0 0 0 0 0 0 0 0 0 0 0 0 0 0 0 0 0 0 0 0 0 0 0 0 0 0 0 0 0 0 0 0 0 0 0 0 0 0 0 0 0 0 0 0 0 0 0 0 0 0 0 0 0 0 0 0 0 0 0 0 0 0 0 0 0 0 0 0 0 0 0 0 0 0 0 0 0 0 0 0 0 0 0 0 0 0 0 0 0 0 0 0 0 0 0 0 0 0 0 0 0 0 0 0 0 0 \
; seq_dur_ms_1 resize 170 \
; seq_dur_ms_1 bounds 0 10013.791 170 0 \
; seq_dur_ms_1 xlabel -0.5 0 8 16 24 32 40 48 56 64 72 80 88 96 104 112 120 128 136 144 152 160 168 169 \
; seq_dur_ms_1 ylabel -0.05 0 1820.689 3641.378 5462.068 7282.757 9103.446 \
; seq_dur_ms_1 0 3310.344 1103.448 4413.792 3310.344 1103.448 4413.792 3310.344 1103.448 4413.792 3310.344 1103.448 4413.792 3310.344 1103.448 4413.792 3310.344 1103.448 4413.792 3310.344 1103.448 4478.16 3310.344 1103.448 4413.792 3310.344 1103.448 4413.792 3310.344 1103.448 9103.446 0 0 0 0 0 0 0 0 0 0 0 0 0 0 0 0 0 0 0 0 0 0 0 0 0 0 0 0 0 0 0 0 0 0 0 0 0 0 0 0 0 0 0 0 0 0 0 0 0 0 0 0 0 0 0 0 0 0 0 0 0 0 0 0 0 0 0 0 0 0 0 0 0 0 0 0 0 0 0 0 0 0 0 0 0 0 0 0 0 0 0 0 0 0 0 0 0 0 0 0 0 0 0 0 0 0 0 0 0 0 0 0 0 0 0 0 0 0 0 0 0 0 0 0 0 0 0 0 0 0 0 0 0 0 0 0 0 0 0 0 \
; seq_pitch_2 resize 170 \
; seq_pitch_2 bounds 0 139.7 170 0 \
; seq_pitch_2 xlabel -0.5 0 8 16 24 32 40 48 56 64 72 80 88 96 104 112 120 128 136 144 152 160 168 169 \
; seq_pitch_2 ylabel -0.05 0 25.4 50.8 76.2 101.6 127 \
; seq_pitch_2 0 56 58 53 56 58 53 52 54 49 52 54 49 52 54 49 52 54 49 52 54 37 52 54 49 80 73 68 76 73 73 0 0 0 0 0 0 0 0 0 0 0 0 0 0 0 0 0 0 0 0 0 0 0 0 0 0 0 0 0 0 0 0 0 0 0 0 0 0 0 0 0 0 0 0 0 0 0 0 0 0 0 0 0 0 0 0 0 0 0 0 0 0 0 0 0 0 0 0 0 0 0 0 0 0 0 0 0 0 0 0 0 0 0 0 0 0 0 0 0 0 0 0 0 0 0 0 0 0 0 0 0 0 0 0 0 0 0 0 0 0 0 0 0 0 0 0 0 0 0 0 0 0 0 0 0 0 0 0 0 0 0 0 0 0 0 0 0 0 0 0 \
; seq_vel_2 resize 170 \
; seq_vel_2 bounds 0 139.7 170 0 \
; seq_vel_2 xlabel -0.5 0 8 16 24 32 40 48 56 64 72 80 88 96 104 112 120 128 136 144 152 160 168 169 \
; seq_vel_2 ylabel -0.05 0 25.4 50.8 76.2 101.6 127 \
; seq_vel_2 0 96 96 121 96 96 121 127 127 121 127 127 121 127 127 121 127 127 121 127 127 121 127 127 121 29 29 29 29 29 21 0 0 0 0 0 0 0 0 0 0 0 0 0 0 0 0 0 0 0 0 0 0 0 0 0 0 0 0 0 0 0 0 0 0 0 0 0 0 0 0 0 0 0 0 0 0 0 0 0 0 0 0 0 0 0 0 0 0 0 0 0 0 0 0 0 0 0 0 0 0 0 0 0 0 0 0 0 0 0 0 0 0 0 0 0 0 0 0 0 0 0 0 0 0 0 0 0 0 0 0 0 0 0 0 0 0 0 0 0 0 0 0 0 0 0 0 0 0 0 0 0 0 0 0 0 0 0 0 0 0 0 0 0 0 0 0 0 0 0 0 \
; seq_dur_ms_2 resize 170 \
; seq_dur_ms_2 bounds 0 10013.791 170 0 \
; seq_dur_ms_2 xlabel -0.5 0 8 16 24 32 40 48 56 64 72 80 88 96 104 112 120 128 136 144 152 160 168 169 \
; seq_dur_ms_2 ylabel -0.05 0 1820.689 3641.378 5462.068 7282.757 9103.446 \
; seq_dur_ms_2 0 3310.344 1103.448 4413.792 3310.344 1103.448 4413.792 3310.344 1103.448 4413.792 3310.344 1103.448 4413.792 3310.344 1103.448 4413.792 3310.344 1103.448 4413.792 3310.344 1103.448 4413.792 3310.344 1103.448 4413.792 3310.344 1103.448 4413.792 3310.344 1103.448 9103.446 0 0 0 0 0 0 0 0 0 0 0 0 0 0 0 0 0 0 0 0 0 0 0 0 0 0 0 0 0 0 0 0 0 0 0 0 0 0 0 0 0 0 0 0 0 0 0 0 0 0 0 0 0 0 0 0 0 0 0 0 0 0 0 0 0 0 0 0 0 0 0 0 0 0 0 0 0 0 0 0 0 0 0 0 0 0 0 0 0 0 0 0 0 0 0 0 0 0 0 0 0 0 0 0 0 0 0 0 0 0 0 0 0 0 0 0 0 0 0 0 0 0 0 0 0 0 0 0 0 0 0 0 0 0 0 0 0 0 0 0
